40 40 477
1 1
1 6
1 16
1 20
1 22
1 33
1 35
1 36
1 40
2 1
2 4
2 14
2 17
2 23
2 26
2 29
2 32
2 34
3 1
3 4
3 5
3 12
3 13
3 23
3 24
3 31
3 32
3 39
4 2
4 3
4 5
4 8
4 11
4 13
4 14
4 15
4 17
4 18
4 24
4 25
4 30
4 38
5 3
5 14
5 16
5 17
5 18
5 22
5 23
5 28
5 29
5 30
5 31
5 35
5 37
5 39
6 18
6 21
6 23
6 32
6 33
6 36
6 39
7 1
7 2
7 3
7 10
7 11
7 18
7 20
7 21
7 25
7 27
7 30
7 34
7 36
7 39
8 9
8 13
8 18
8 19
8 25
8 29
8 31
8 32
8 40
9 8
9 22
9 24
9 28
9 33
9 37
9 38
10 1
10 4
10 5
10 6
10 11
10 23
10 35
10 37
10 40
11 8
11 10
11 17
11 21
11 22
11 30
11 32
11 33
11 39
12 3
12 5
12 12
12 13
12 15
12 19
12 20
12 27
12 30
12 31
12 33
12 36
12 38
12 39
13 1
13 6
13 7
13 13
13 19
13 20
13 31
13 32
13 35
13 39
14 1
14 8
14 11
14 12
14 15
14 18
14 23
14 27
14 28
14 29
14 31
14 33
14 34
14 38
14 40
15 5
15 6
15 7
15 10
15 14
15 18
15 21
15 23
15 30
15 31
15 38
15 40
16 5
16 6
16 7
16 9
16 12
16 13
16 15
16 17
16 19
16 20
16 22
16 23
16 25
16 26
16 27
16 32
16 36
16 40
17 2
17 8
17 9
17 11
17 12
17 15
17 17
17 19
17 20
17 23
17 24
17 25
17 34
17 36
17 38
18 1
18 3
18 6
18 10
18 17
18 31
18 32
18 33
18 37
18 39
19 6
19 14
19 15
19 17
19 20
19 23
19 25
19 39
19 40
20 2
20 7
20 9
20 10
20 11
20 12
20 15
20 16
20 19
20 26
20 27
20 34
20 35
20 39
21 7
21 13
21 14
21 17
21 19
21 20
21 22
21 26
21 27
21 33
21 36
21 37
21 38
22 2
22 7
22 14
22 15
22 17
22 25
22 27
22 28
22 30
22 34
22 38
23 2
23 4
23 7
23 8
23 15
23 16
23 19
23 29
23 32
23 33
23 34
23 40
24 3
24 4
24 5
24 6
24 9
24 10
24 14
24 15
24 16
24 21
24 22
24 23
24 24
24 28
24 29
24 31
24 34
25 5
25 6
25 8
25 11
25 17
25 20
25 21
25 22
25 26
25 34
25 37
25 39
26 3
26 5
26 13
26 14
26 16
26 24
26 30
26 34
26 40
27 3
27 7
27 17
27 18
27 19
27 25
27 31
28 4
28 8
28 9
28 10
28 17
28 18
28 21
28 25
28 27
28 28
28 39
29 1
29 3
29 10
29 14
29 15
29 19
29 22
29 24
29 26
29 28
29 32
29 40
30 1
30 6
30 7
30 9
30 16
30 18
30 23
30 25
30 26
30 31
30 33
30 38
30 40
31 5
31 6
31 14
31 18
31 22
31 23
31 25
31 32
31 33
31 36
31 37
31 38
31 39
32 4
32 5
32 13
32 14
32 15
32 21
32 24
32 28
32 30
32 32
32 34
32 35
32 37
32 39
32 40
33 2
33 5
33 10
33 15
33 24
33 27
33 29
33 30
33 35
33 40
34 1
34 6
34 7
34 10
34 15
34 16
34 22
34 23
34 26
34 34
34 35
34 39
35 3
35 6
35 8
35 16
35 23
35 24
35 31
35 33
35 34
35 35
35 36
35 39
35 40
36 1
36 3
36 7
36 9
36 10
36 11
36 15
36 21
36 23
36 24
36 27
36 32
36 34
36 36
36 40
37 2
37 5
37 10
37 12
37 14
37 16
37 20
37 23
37 26
37 33
37 35
37 38
38 6
38 7
38 8
38 10
38 14
38 20
38 24
38 29
38 35
38 36
38 37
39 5
39 6
39 8
39 11
39 13
39 14
39 15
39 17
39 19
39 21
39 22
39 27
39 31
39 33
39 34
39 36
39 39
40 5
40 7
40 8
40 11
40 12
40 13
40 16
40 21
40 24
40 26
40 30
40 33
40 38
40 40
